## Compact version of prints27_0.dat
gc; NRIONCHANNEL
gx; PR00252
gn; 4
gi; Neurotransmitter-gated ion channel family signature
gm; 221
mx; NRIONCHANNEL1
mi; Neurotransmitter-gated ion channel motif I - 3
ml; 17
mc; 221
mn; 1
ls; 4
hs; 303
li; 4
hi; 303
A 0    11   0    11   0    1    10   0    9    0    0    0    5    2    0    43   0    
B 0    0    0    0    0    0    0    0    0    0    0    0    0    0    0    0    0    
C 0    2    0    6    0    0    0    0    0    0    4    0    0    0    0    1    0    
D 2    0    51   0    1    0    9    0    3    0    1    220  4    0    0    2    0    
E 19   0    0    0    0    0    25   24   34   0    5    0    48   0    0    1    0    
F 0    3    0    13   46   69   0    1    11   0    6    0    4    13   2    0    56   
G 1    0    1    0    0    0    5    0    3    0    0    0    0    1    0    1    0    
H 2    0    1    1    0    1    5    19   2    0    13   1    12   2    0    1    3    
I 2    34   0    45   1    20   3    7    10   0    16   0    2    0    1    0    0    
J 0    0    0    0    0    0    0    0    0    0    0    0    0    0    0    0    0    
K 3    0    4    0    0    0    32   0    19   0    25   0    23   37   0    51   0    
L 4    29   2    37   4    96   0    10   1    0    4    0    0    0    216  0    3    
M 0    21   0    15   1    6    1    23   1    0    4    0    0    1    2    1    0    
N 2    0    96   0    0    0    7    0    1    0    29   0    1    8    0    4    1    
O 0    0    0    0    0    0    0    0    0    0    0    0    0    0    0    0    0    
P 0    1    0    0    0    1    1    0    0    0    0    0    28   0    0    0    0    
Q 5    0    14   0    0    1    18   131  33   0    9    0    6    5    0    25   0    
R 12   0    1    0    9    0    86   0    7    1    18   0    10   140  0    35   1    
S 28   4    9    2    1    0    4    0    31   0    3    0    14   1    0    34   0    
T 140  89   27   0    15   0    9    0    27   0    56   0    1    1    0    13   0    
U 0    0    0    0    0    0    0    0    0    0    0    0    0    0    0    0    0    
V 0    27   3    91   0    16   3    0    5    0    13   0    8    0    0    6    0    
W 0    0    0    0    97   0    2    0    0    220  0    0    0    0    0    0    109  
X 0    0    0    0    0    0    0    0    0    0    0    0    0    0    0    0    0    
Y 1    0    12   0    46   10   1    6    24   0    15   0    55   10   0    3    48   
Z 0    0    0    0    0    0    0    0    0    0    0    0    0    0    0    0    0    
A -1   -1   -15  -3   -22  -12  -7   -11  -5   -29  -9   -20  -10  -10  -10  3    -24  
B -6   -22  18   -30  -31  -33  -3   -5   -7   -39  -7   39   -9   -8   -39  -6   -34  
C -15  -8   -25  -7   -19  -13  -27  -27  -21  -20  -18  -29  -26  -28  -10  -18  -20  
D -6   -22  14   -30  -32  -33  -7   -5   -6   -39  -12  59   -8   -17  -39  -10  -34  
E -2   -18  3    -24  -24  -28  7    12   4    -29  -6   19   4    0    -29  1    -27  
F -21  -10  -24  -2   20   18   -27  -20  -13  9    -15  -29  -11  -21  0    -24  26   
G -17  -26  -8   -31  -24  -34  -16  -22  -17  -20  -20  -10  -21  -19  -39  -12  -24  
H -14  -23  0    -26  -8   -20  -3   2    -5   -19  -4   -9   2    0    -29  -9   -7   
I -14  8    -24  23   -16  13   -26  -20  -16  -29  -12  -29  -20  -26  19   -21  -17  
J -990 -990 -989 -990 -990 -990 -989 -990 -990 -989 -990 -989 -990 -990 -990 -990 -989 
K -4   -15  -3   -21  -24  -23  13   2    0    -29  -1   -10  0    18   -20  12   -27  
L -13  6    -26  15   -11  19   -20  -13  -15  -20  -11  -39  -19  -18  39   -16  -12  
M -10  5    -17  11   -7   10   -11  2    -8   -10  -7   -29  -13  -9   20   -8   -7   
N 1    -15  27   -28  -28  -28  0    -4   -4   -39  1    10   -8   0    -29  -2   -31  
O -990 -990 -989 -990 -990 -990 -989 -990 -990 -989 -990 -989 -990 -990 -990 -990 -989 
P -11  -18  -15  -24  -34  -31  -15  -14  -15  -39  -17  -10  -6   -19  -30  -12  -37  
Q -3   -14  1    -20  -17  -22  9    29   5    -19  -3   0    1    6    -19  6    -19  
R -5   -17  -6   -25  -22  -24  19   2    -4   -29  -3   -19  -6   32   -20  8    -26  
S 10   -4   5    -16  -21  -19  -3   -4   2    -29  -2   0    -5   -7   -19  6    -24  
T 30   16   1    -5   -14  -12  -6   -11  0    -19  5    -10  -11  -10  -10  -1   -19  
U -990 -990 -989 -990 -990 -990 -989 -990 -990 -989 -990 -989 -990 -990 -990 -990 -989 
V -7   11   -22  23   -18  6    -21  -14  -11  -29  -8   -29  -15  -25  9    -14  -20  
W -23  -22  -31  -24  51   -10  -27  -19  -19  109  -22  -39  -17  -25  -19  -27  60   
X -2   -5   -8   -9   -13  -10  -9   -9   -6   -19  -7   -10  -10  -9   -10  -5   -14  
Y -18  -14  -16  -8   26   6    -17  -6   -5   19   -8   -29  4    -12  -9   -17  32   
Z -2   -17  1    -23  -24  -27  6    18   4    -29  -6   9    2    0    -29  2    -27  
KK; 0.096250
ll; 0.037800
mx; NRIONCHANNEL2
mi; Neurotransmitter-gated ion channel motif II - 3
ml; 12
mc; 221
mn; 2
ls; 36
hs; 337
li; 14
hi; 38
A 2    0    0    0    0    0    1    0    0    17   0    5    
B 0    0    0    0    0    0    0    0    0    0    0    0    
C 3    0    0    0    0    0    0    7    0    0    0    0    
D 10   0    0    0    0    204  0    0    0    0    3    14   
E 3    0    0    0    0    9    0    0    0    17   16   35   
F 3    0    0    0    0    0    0    80   97   12   0    9    
G 0    0    0    0    0    0    1    1    0    1    0    26   
H 14   0    0    1    0    1    0    0    0    14   8    0    
I 1    145  0    24   0    0    81   5    19   4    0    0    
J 0    0    0    0    0    0    0    0    0    0    0    0    
K 65   0    0    36   0    1    0    0    0    0    0    2    
L 14   35   0    45   0    0    28   26   102  15   0    0    
M 17   1    0    13   0    0    3    0    1    1    0    0    
N 11   0    0    1    0    5    0    0    0    9    192  81   
O 0    0    0    0    0    0    0    0    0    0    0    0    
P 0    0    0    0    221  0    1    0    0    6    0    0    
Q 31   0    0    4    0    1    0    0    0    9    0    0    
R 13   0    1    21   0    0    0    0    0    20   0    1    
S 33   0    0    2    0    0    3    0    0    3    0    47   
T 1    0    0    29   0    0    80   3    0    0    2    1    
U 0    0    0    0    0    0    0    0    0    0    0    0    
V 0    40   0    44   0    0    23   77   2    24   0    0    
W 0    0    220  0    0    0    0    0    0    1    0    0    
X 0    0    0    0    0    0    0    0    0    0    0    0    
Y 0    0    0    1    0    0    0    22   0    68   0    0    
Z 0    0    0    0    0    0    0    0    0    0    0    0    
A -8   -8   -29  -6   -10  -19  -4   -10  -14  -9   -19  -8   
B -3   -31  -39  -21  -20  38   -23  -30  -34  -18  27   12   
C -22  -10  -20  -15  -30  -30  -10  -11  -14  -20  -30  -26  
D -7   -31  -39  -24  -10  56   -23  -30  -34  -20  10   7    
E 2    -28  -29  -13  -10  20   -20  -25  -29  -9   3    5    
F -21  -1   9    -13  -40  -29  -8   20   26   0    -29  -23  
G -17  -38  -20  -28  -20  -10  -30  -30  -35  -23  -2   1    
H -3   -29  -19  -20  -20  -8   -25  -17  -21  2    11   -2   
I -20  34   -29  4    -30  -29  16   12   12   -9   -29  -27  
J -990 -989 -989 -990 -990 -989 -989 -990 -990 -989 -990 -990 
K 13   -26  -29  -3   -10  -8   -19  -24  -25  -10  0    -2   
L -14  21   -20  6    -30  -39  9    7    20   -9   -29  -27  
M -4   11   -10  5    -20  -29  3    4    10   -6   -20  -18  
N 0    -29  -39  -16  -20  10   -18  -28  -29  -12  52   23   
O -990 -989 -989 -990 -990 -989 -989 -990 -990 -989 -990 -990 
P -14  -28  -39  -19  70   -10  -20  -29  -34  -20  -19  -16  
Q 8    -26  -19  -9   -10  1    -19  -23  -25  -5   1    0    
R 4    -28  -29  -7   -20  -18  -20  -27  -25  -9   0    -6   
S 2    -19  -29  -10  -10  0    -7   -19  -19  -11  8    11   
T -6   -8   -19  0    -10  -9   13   -10  -14  -11  -1   -3   
U -990 -989 -989 -990 -990 -989 -989 -990 -990 -989 -990 -990 
V -17  28   -29  6    -20  -29  16   10   3    -7   -29  -24  
W -26  -28  109  -25  -40  -39  -24  -8   -7   -10  -38  -31  
X -8   -10  -19  -8   -20  -10  -6   -10  -10  -9   -9   -7   
Y -14  -10  19   -13  -30  -29  -13  11   7    15   -18  -19  
Z 4    -28  -29  -13  -10  11   -20  -25  -29  -9   2    3    
KK; 0.103382
ll; 0.035082
mx; NRIONCHANNEL3
mi; Neurotransmitter-gated ion channel motif III - 3
ml; 15
mc; 221
mn; 3
ls; 82
hs; 383
li; 31
hi; 59
A 0    5    0    1    0    5    0    0    0    0    0    13   0    22   0    
B 0    0    0    0    0    0    0    0    0    0    0    0    0    0    0    
C 221  0    0    0    0    1    0    0    0    0    0    0    0    1    220  
D 0    5    0    110  0    1    18   0    0    0    221  5    0    0    0    
E 0    17   0    12   0    30   0    0    0    0    0    34   0    7    0    
F 0    1    1    2    8    0    30   182  0    111  0    0    0    2    0    
G 0    0    0    1    0    0    0    0    0    0    0    8    0    0    0    
H 0    1    0    16   0    11   14   0    0    1    0    4    32   3    0    
I 0    2    75   10   24   2    0    0    0    2    0    2    1    7    0    
J 0    0    0    0    0    0    0    0    0    0    0    0    0    0    0    
K 0    14   0    2    0    25   10   0    0    0    0    5    0    6    0    
L 0    6    33   0    104  3    13   0    0    35   0    6    1    9    0    
M 0    15   102  0    2    1    1    0    0    66   0    0    1    0    0    
N 0    13   0    20   0    2    36   0    0    0    0    0    0    93   0    
O 0    0    0    0    0    0    0    0    0    0    0    0    0    0    0    
P 0    74   0    0    0    0    0    0    221  0    0    0    0    0    0    
Q 0    14   0    18   0    16   2    0    0    0    0    26   186  12   0    
R 0    4    0    10   0    30   19   0    0    0    0    21   0    4    0    
S 0    31   1    14   0    12   1    0    0    0    0    11   0    15   0    
T 0    10   0    1    0    64   1    0    0    0    0    16   0    33   0    
U 0    0    0    0    0    0    0    0    0    0    0    0    0    0    0    
V 0    2    9    2    83   8    0    0    0    0    0    38   0    7    0    
W 0    0    0    0    0    0    14   0    0    0    0    25   0    0    0    
X 0    0    0    0    0    0    0    0    0    0    0    0    0    0    0    
Y 0    7    0    2    0    10   62   39   0    6    0    7    0    0    1    
Z 0    0    0    0    0    0    0    0    0    0    0    0    0    0    0    
A 0    -6   -9   -15  -6   -5   -18  -20  -10  -15  -20  -6   -11  -6   0    
B -30  -9   -31  20   -34  -6   -10  -30  -20  -31  40   -12  0    5    -29  
C 90   -23  -10  -27  -10  -21  -23  -20  -30  -15  -30  -21  -29  -20  89   
D -30  -6   -31  27   -34  -8   -13  -30  -10  -31  60   -12  -1   -3   -29  
E -40  -1   -24  12   -26  3    -11  -28  -10  -26  20   0    16   -2   -39  
F -20  -25  0    -24  -1   -21  4    54   -40  30   -30  -16  -26  -22  -19  
G -30  -17  -34  -12  -35  -19  -21  -30  -20  -31  -10  -17  -20  -10  -29  
H -30  -11  -25  0    -29  -4   6    -4   -20  -15  -10  -10  11   -3   -29  
I -10  -21  22   -25  25   -18  -17  -1   -30  6    -30  -14  -29  -17  -10  
J -990 -990 -989 -990 -990 -990 -989 -990 -990 -990 -990 -990 -990 -989 -989 
K -30  -1   -18  -5   -21  4    -10  -28  -10  -22  -10  -4   6    -2   -29  
L -10  -19  22   -29  24   -15  -14  -1   -30  12   -40  -14  -20  -17  -10  
M -10  -9   29   -20  14   -9   -10  -1   -20  17   -30  -7   -2   -11  -10  
N -30  -5   -25  9    -29  -1   -2   -28  -20  -26  10   -11  1    20   -29  
O -990 -990 -989 -990 -990 -990 -989 -990 -990 -990 -990 -990 -990 -989 -989 
P -30  13   -24  -13  -26  -13  -25  -38  70   -31  -10  -17  -11  -16  -29  
Q -30  0    -14  3    -21  3    -7   -26  -10  -18  0    1    41   -1   -29  
R -30  -8   -19  -9   -25  3    -9   -28  -20  -22  -20  -6   8    -4   -29  
S -10  0    -15  0    -19  1    -11  -20  -10  -16  0    -6   -1   6    -10  
T -10  -3   -9   -8   -6   8    -13  -20  -10  -15  -10  -4   -11  5    -10  
U -990 -990 -989 -990 -990 -990 -989 -990 -990 -990 -990 -990 -990 -989 -989 
V -10  -15  17   -23  22   -12  -18  -10  -20  0    -30  -8   -20  -14  -10  
W -20  -29  -19  -33  -23  -23  -2   11   -40  0    -40  -10  -20  -31  -19  
X -20  -11  -9   -9   -10  -6   -10  -10  -20  -10  -10  -9   -10  -6   -19  
Y -20  -18  -9   -19  -8   -12  17   37   -30  12   -30  -9   -5   -17  -19  
Z -30  0    -20  7    -26  3    -11  -28  -10  -23  10   0    24   -2   -29  
KK; 0.114738
ll; 0.037497
mx; NRIONCHANNEL4
mi; Neurotransmitter-gated ion channel motif IV - 3
ml; 13
mc; 221
mn; 4
ls; 159
hs; 471
li; 43
hi; 286
A 0    1    0    2    0    1    2    0    1    0    8    1    0    
B 0    0    0    0    0    0    0    0    0    0    0    0    0    
C 0    0    0    0    0    0    0    0    0    0    0    1    0    
D 0    6    0    1    0    1    0    0    0    0    0    0    0    
E 0    8    0    11   0    10   0    0    0    0    0    0    2    
F 119  2    19   0    0    0    13   9    105  70   0    13   8    
G 0    1    0    0    0    0    0    82   0    0    11   0    3    
H 0    41   0    1    0    10   0    0    0    2    0    0    0    
I 26   39   73   0    0    2    38   1    0    0    47   102  2    
J 0    0    0    0    0    0    0    0    0    0    0    0    0    
K 0    7    0    44   0    74   0    0    0    0    0    0    0    
L 53   15   111  1    0    34   0    107  0    0    52   51   0    
M 4    0    18   0    0    0    34   3    0    0    11   4    0    
N 0    1    0    1    0    21   0    0    1    1    0    0    87   
O 0    0    0    0    0    0    0    0    0    0    0    0    0    
P 0    0    0    0    0    0    83   0    0    0    0    0    0    
Q 0    16   0    32   0    19   2    0    0    0    0    0    102  
R 0    14   0    110  221  40   3    0    0    0    0    0    0    
S 0    2    0    12   0    9    2    18   0    0    1    0    8    
T 0    27   0    0    0    0    27   1    0    0    54   1    4    
U 0    0    0    0    0    0    0    0    0    0    0    0    0    
V 18   30   0    6    0    0    8    0    3    0    37   48   4    
W 0    0    0    0    0    0    0    0    2    0    0    0    0    
X 0    0    0    0    0    0    0    0    0    0    0    0    0    
Y 1    11   0    0    0    0    9    0    109  148  0    0    1    
Z 0    0    0    0    0    0    0    0    0    0    0    0    0    
A -14  -9   -10  -8   -10  -10  -8   -5   -19  -20  -3   -8   -13  
B -32  -14  -35  -5   -10  -4   -22  -24  -29  -29  -25  -32  9    
C -15  -19  -10  -28  -30  -26  -18  -17  -19  -20  -10  -10  -28  
D -32  -16  -35  -11  -20  -11  -19  -24  -29  -29  -25  -32  1    
E -28  -8   -29  6    0    2    -16  -23  -24  -22  -21  -27  7    
F 31   -11  5    -28  -30  -23  -14  -10  43   38   -8   1    -25  
G -33  -25  -38  -18  -20  -20  -25  0    -29  -29  -26  -36  -11  
H -18  1    -27  -3   0    -4   -19  -23  4    10   -26  -28  1    
I 12   -2   24   -27  -30  -21  -4   -6   -4   -7   13   29   -26  
J -989 -990 -990 -989 -990 -990 -990 -989 -990 -990 -990 -989 -989 
K -26  -10  -23  21   20   17   -14  -18  -24  -22  -18  -24  2    
L 13   -5   28   -19  -20  -12  -6   3    -5   -7   11   20   -22  
M 7    -3   17   -8   -10  -6   0    -1   -5   -6   6    12   -8   
N -29  -10  -29  0    0    1    -19  -15  -24  -22  -20  -29  21   
O -989 -990 -990 -989 -990 -990 -990 -989 -990 -990 -990 -989 -989 
P -34  -20  -30  -15  -20  -16  11   -24  -34  -33  -21  -28  -15  
Q -26  -6   -22  14   10   6    -12  -18  -19  -16  -18  -24  21   
R -27  -9   -23  28   50   12   -18  -19  -24  -22  -20  -27  1    
S -19  -9   -19  -3   -10  -2   -9   -7   -19  -19  -9   -19  4    
T -14  -3   -10  -8   -10  -8   -3   -12  -19  -19  6    -8   -4   
U -989 -990 -990 -989 -990 -990 -990 -989 -990 -990 -990 -989 -989 
V 3    0    14   -23  -30  -18  -1   -8   -9   -10  14   24   -21  
W -5   -22  -19  -28  -30  -28  -24  -19  14   16   -23  -24  -27  
X -10  -8   -10  -9   -10  -9   -12  -9   -10  -10  -7   -9   -9   
Y 11   -3   -6   -18  -20  -15  -13  -16  48   56   -13  -7   -13  
Z -28  -8   -28  7    0    2    -14  -23  -24  -22  -21  -27  11   
KK; 0.165044
ll; 0.058074
